8 8 3 5 10 0 0 0 0 0 
-------------------------
8 5 3 5 10 0 0 0 0 0 
-------------------------
8 5 3 1 10 0 0 0 0 0 
-------------------------
5 5 3 8 10 0 0 0 0 0 
-------------------------
5 3 3 8 10 0 0 0 0 0 
-------------------------
5 3 1 8 10 0 0 0 0 0 
-------------------------
3 3 5 8 10 0 0 0 0 0 
-------------------------
3 1 5 8 10 0 0 0 0 0 
-------------------------
1 3 5 8 10 0 0 0 0 0 
-------------------------
1 3 5 8 10 0 0 0 0 0 
-------------------------
8 8 3 5 10 0 0 0 0 0 
-------------------------
8 5 3 5 10 0 0 0 0 0 
-------------------------
8 5 3 1 10 0 0 0 0 0 
-------------------------
5 5 3 8 10 0 0 0 0 0 
-------------------------
5 3 3 8 10 0 0 0 0 0 
-------------------------
5 3 1 8 10 0 0 0 0 0 
-------------------------
3 3 5 8 10 0 0 0 0 0 
-------------------------
3 1 5 8 10 0 0 0 0 0 
-------------------------
1 3 5 8 10 0 0 0 0 0 
-------------------------
1 3 5 8 10 0 0 0 0 0 
-------------------------
9 9 8 7 6 5 4 3 2 10 
-------------------------
9 8 8 7 6 5 4 3 2 10 
-------------------------
9 8 6 7 6 5 4 3 2 10 
-------------------------
9 8 6 7 2 5 4 3 2 10 
-------------------------
9 8 6 7 2 5 4 3 1 10 
-------------------------
8 8 6 7 2 5 4 3 9 10 
-------------------------
8 7 6 7 2 5 4 3 9 10 
-------------------------
8 7 6 4 2 5 4 3 9 10 
-------------------------
8 7 6 4 2 5 1 3 9 10 
-------------------------
7 7 6 4 2 5 1 8 9 10 
-------------------------
7 6 6 4 2 5 1 8 9 10 
-------------------------
7 6 5 4 2 5 1 8 9 10 
-------------------------
7 6 5 4 2 3 1 8 9 10 
-------------------------
6 6 5 4 2 3 7 8 9 10 
-------------------------
6 5 5 4 2 3 7 8 9 10 
-------------------------
6 5 3 4 2 3 7 8 9 10 
-------------------------
6 5 3 4 2 1 7 8 9 10 
-------------------------
5 5 3 4 2 6 7 8 9 10 
-------------------------
5 4 3 4 2 6 7 8 9 10 
-------------------------
5 4 3 1 2 6 7 8 9 10 
-------------------------
4 4 3 1 5 6 7 8 9 10 
-------------------------
4 3 3 1 5 6 7 8 9 10 
-------------------------
4 3 2 1 5 6 7 8 9 10 
-------------------------
3 3 2 4 5 6 7 8 9 10 
-------------------------
3 2 2 4 5 6 7 8 9 10 
-------------------------
3 2 1 4 5 6 7 8 9 10 
-------------------------
2 2 3 4 5 6 7 8 9 10 
-------------------------
2 1 3 4 5 6 7 8 9 10 
-------------------------
1 2 3 4 5 6 7 8 9 10 
-------------------------
1 2 3 4 5 6 7 8 9 10 
-------------------------
9 9 8 7 6 5 4 3 2 10 
-------------------------
9 8 8 7 6 5 4 3 2 10 
-------------------------
9 8 6 7 6 5 4 3 2 10 
-------------------------
9 8 6 7 2 5 4 3 2 10 
-------------------------
9 8 6 7 2 5 4 3 1 10 
-------------------------
8 8 6 7 2 5 4 3 9 10 
-------------------------
8 7 6 7 2 5 4 3 9 10 
-------------------------
8 7 6 4 2 5 4 3 9 10 
-------------------------
8 7 6 4 2 5 1 3 9 10 
-------------------------
7 7 6 4 2 5 1 8 9 10 
-------------------------
7 6 6 4 2 5 1 8 9 10 
-------------------------
7 6 5 4 2 5 1 8 9 10 
-------------------------
7 6 5 4 2 3 1 8 9 10 
-------------------------
6 6 5 4 2 3 7 8 9 10 
-------------------------
6 5 5 4 2 3 7 8 9 10 
-------------------------
6 5 3 4 2 3 7 8 9 10 
-------------------------
6 5 3 4 2 1 7 8 9 10 
-------------------------
5 5 3 4 2 6 7 8 9 10 
-------------------------
5 4 3 4 2 6 7 8 9 10 
-------------------------
5 4 3 1 2 6 7 8 9 10 
-------------------------
4 4 3 1 5 6 7 8 9 10 
-------------------------
4 3 3 1 5 6 7 8 9 10 
-------------------------
4 3 2 1 5 6 7 8 9 10 
-------------------------
3 3 2 4 5 6 7 8 9 10 
-------------------------
3 2 2 4 5 6 7 8 9 10 
-------------------------
3 2 1 4 5 6 7 8 9 10 
-------------------------
2 2 3 4 5 6 7 8 9 10 
-------------------------
2 1 3 4 5 6 7 8 9 10 
-------------------------
1 2 3 4 5 6 7 8 9 10 
-------------------------
1 2 3 4 5 6 7 8 9 10 
-------------------------
9 9 8 7 6 5 4 3 2 10 
-------------------------
9 8 8 7 6 5 4 3 2 10 
-------------------------
9 8 6 7 6 5 4 3 2 10 
-------------------------
9 8 6 7 2 5 4 3 2 10 
-------------------------
9 8 6 7 2 5 4 3 1 10 
-------------------------
8 8 6 7 2 5 4 3 9 10 
-------------------------
8 7 6 7 2 5 4 3 9 10 
-------------------------
8 7 6 4 2 5 4 3 9 10 
-------------------------
8 7 6 4 2 5 1 3 9 10 
-------------------------
7 7 6 4 2 5 1 8 9 10 
-------------------------
7 6 6 4 2 5 1 8 9 10 
-------------------------
7 6 5 4 2 5 1 8 9 10 
-------------------------
7 6 5 4 2 3 1 8 9 10 
-------------------------
6 6 5 4 2 3 7 8 9 10 
-------------------------
6 5 5 4 2 3 7 8 9 10 
-------------------------
6 5 3 4 2 3 7 8 9 10 
-------------------------
6 5 3 4 2 1 7 8 9 10 
-------------------------
5 5 3 4 2 6 7 8 9 10 
-------------------------
5 4 3 4 2 6 7 8 9 10 
-------------------------
5 4 3 1 2 6 7 8 9 10 
-------------------------
4 4 3 1 5 6 7 8 9 10 
-------------------------
4 3 3 1 5 6 7 8 9 10 
-------------------------
4 3 2 1 5 6 7 8 9 10 
-------------------------
3 3 2 4 5 6 7 8 9 10 
-------------------------
3 2 2 4 5 6 7 8 9 10 
-------------------------
3 2 1 4 5 6 7 8 9 10 
-------------------------
2 2 3 4 5 6 7 8 9 10 
-------------------------
2 1 3 4 5 6 7 8 9 10 
-------------------------
1 2 3 4 5 6 7 8 9 10 
-------------------------
1 2 3 4 5 6 7 8 9 10 
-------------------------
9 9 8 7 6 5 4 3 2 10 
-------------------------
9 8 8 7 6 5 4 3 2 10 
-------------------------
9 8 6 7 6 5 4 3 2 10 
-------------------------
9 8 6 7 2 5 4 3 2 10 
-------------------------
9 8 6 7 2 5 4 3 1 10 
-------------------------
8 8 6 7 2 5 4 3 9 10 
-------------------------
8 7 6 7 2 5 4 3 9 10 
-------------------------
8 7 6 4 2 5 4 3 9 10 
-------------------------
8 7 6 4 2 5 1 3 9 10 
-------------------------
7 7 6 4 2 5 1 8 9 10 
-------------------------
7 6 6 4 2 5 1 8 9 10 
-------------------------
7 6 5 4 2 5 1 8 9 10 
-------------------------
7 6 5 4 2 3 1 8 9 10 
-------------------------
6 6 5 4 2 3 7 8 9 10 
-------------------------
6 5 5 4 2 3 7 8 9 10 
-------------------------
6 5 3 4 2 3 7 8 9 10 
-------------------------
6 5 3 4 2 1 7 8 9 10 
-------------------------
5 5 3 4 2 6 7 8 9 10 
-------------------------
5 4 3 4 2 6 7 8 9 10 
-------------------------
5 4 3 1 2 6 7 8 9 10 
-------------------------
4 4 3 1 5 6 7 8 9 10 
-------------------------
4 3 3 1 5 6 7 8 9 10 
-------------------------
4 3 2 1 5 6 7 8 9 10 
-------------------------
3 3 2 4 5 6 7 8 9 10 
-------------------------
3 2 2 4 5 6 7 8 9 10 
-------------------------
3 2 1 4 5 6 7 8 9 10 
-------------------------
2 2 3 4 5 6 7 8 9 10 
-------------------------
2 1 3 4 5 6 7 8 9 10 
-------------------------
1 2 3 4 5 6 7 8 9 10 
-------------------------
1 2 3 4 5 6 7 8 9 10 
-------------------------
9 9 8 7 6 5 4 3 2 10 
-------------------------
9 8 8 7 6 5 4 3 2 10 
-------------------------
9 8 6 7 6 5 4 3 2 10 
-------------------------
9 8 6 7 2 5 4 3 2 10 
-------------------------
9 8 6 7 2 5 4 3 1 10 
-------------------------
8 8 6 7 2 5 4 3 9 10 
-------------------------
8 7 6 7 2 5 4 3 9 10 
-------------------------
8 7 6 4 2 5 4 3 9 10 
-------------------------
8 7 6 4 2 5 1 3 9 10 
-------------------------
7 7 6 4 2 5 1 8 9 10 
-------------------------
7 6 6 4 2 5 1 8 9 10 
-------------------------
7 6 5 4 2 5 1 8 9 10 
-------------------------
7 6 5 4 2 3 1 8 9 10 
-------------------------
6 6 5 4 2 3 7 8 9 10 
-------------------------
6 5 5 4 2 3 7 8 9 10 
-------------------------
6 5 3 4 2 3 7 8 9 10 
-------------------------
6 5 3 4 2 1 7 8 9 10 
-------------------------
5 5 3 4 2 6 7 8 9 10 
-------------------------
5 4 3 4 2 6 7 8 9 10 
-------------------------
5 4 3 1 2 6 7 8 9 10 
-------------------------
4 4 3 1 5 6 7 8 9 10 
-------------------------
4 3 3 1 5 6 7 8 9 10 
-------------------------
4 3 2 1 5 6 7 8 9 10 
-------------------------
3 3 2 4 5 6 7 8 9 10 
-------------------------
3 2 2 4 5 6 7 8 9 10 
-------------------------
3 2 1 4 5 6 7 8 9 10 
-------------------------
2 2 3 4 5 6 7 8 9 10 
-------------------------
2 1 3 4 5 6 7 8 9 10 
-------------------------
1 2 3 4 5 6 7 8 9 10 
-------------------------
1 2 3 4 5 6 7 8 9 10 
-------------------------
9 9 8 7 6 5 4 3 2 10 
-------------------------
9 8 8 7 6 5 4 3 2 10 
-------------------------
9 8 6 7 6 5 4 3 2 10 
-------------------------
9 8 6 7 2 5 4 3 2 10 
-------------------------
9 8 6 7 2 5 4 3 1 10 
-------------------------
8 8 6 7 2 5 4 3 9 10 
-------------------------
8 7 6 7 2 5 4 3 9 10 
-------------------------
8 7 6 4 2 5 4 3 9 10 
-------------------------
8 7 6 4 2 5 1 3 9 10 
-------------------------
7 7 6 4 2 5 1 8 9 10 
-------------------------
7 6 6 4 2 5 1 8 9 10 
-------------------------
7 6 5 4 2 5 1 8 9 10 
-------------------------
7 6 5 4 2 3 1 8 9 10 
-------------------------
6 6 5 4 2 3 7 8 9 10 
-------------------------
6 5 5 4 2 3 7 8 9 10 
-------------------------
6 5 3 4 2 3 7 8 9 10 
-------------------------
6 5 3 4 2 1 7 8 9 10 
-------------------------
5 5 3 4 2 6 7 8 9 10 
-------------------------
5 4 3 4 2 6 7 8 9 10 
-------------------------
5 4 3 1 2 6 7 8 9 10 
-------------------------
4 4 3 1 5 6 7 8 9 10 
-------------------------
4 3 3 1 5 6 7 8 9 10 
-------------------------
4 3 2 1 5 6 7 8 9 10 
-------------------------
3 3 2 4 5 6 7 8 9 10 
-------------------------
3 2 2 4 5 6 7 8 9 10 
-------------------------
3 2 1 4 5 6 7 8 9 10 
-------------------------
2 2 3 4 5 6 7 8 9 10 
-------------------------
2 1 3 4 5 6 7 8 9 10 
-------------------------
1 2 3 4 5 6 7 8 9 10 
-------------------------
1 2 3 4 5 6 7 8 9 10 
-------------------------
9 9 8 7 6 5 4 3 2 10 
-------------------------
9 8 8 7 6 5 4 3 2 10 
-------------------------
9 8 6 7 6 5 4 3 2 10 
-------------------------
9 8 6 7 2 5 4 3 2 10 
-------------------------
9 8 6 7 2 5 4 3 1 10 
-------------------------
8 8 6 7 2 5 4 3 9 10 
-------------------------
8 7 6 7 2 5 4 3 9 10 
-------------------------
8 7 6 4 2 5 4 3 9 10 
-------------------------
8 7 6 4 2 5 1 3 9 10 
-------------------------
7 7 6 4 2 5 1 8 9 10 
-------------------------
7 6 6 4 2 5 1 8 9 10 
-------------------------
7 6 5 4 2 5 1 8 9 10 
-------------------------
7 6 5 4 2 3 1 8 9 10 
-------------------------
6 6 5 4 2 3 7 8 9 10 
-------------------------
6 5 5 4 2 3 7 8 9 10 
-------------------------
6 5 3 4 2 3 7 8 9 10 
-------------------------
6 5 3 4 2 1 7 8 9 10 
-------------------------
5 5 3 4 2 6 7 8 9 10 
-------------------------
5 4 3 4 2 6 7 8 9 10 
-------------------------
5 4 3 1 2 6 7 8 9 10 
-------------------------
4 4 3 1 5 6 7 8 9 10 
-------------------------
4 3 3 1 5 6 7 8 9 10 
-------------------------
4 3 2 1 5 6 7 8 9 10 
-------------------------
3 3 2 4 5 6 7 8 9 10 
-------------------------
3 2 2 4 5 6 7 8 9 10 
-------------------------
3 2 1 4 5 6 7 8 9 10 
-------------------------
2 2 3 4 5 6 7 8 9 10 
-------------------------
2 1 3 4 5 6 7 8 9 10 
-------------------------
1 2 3 4 5 6 7 8 9 10 
-------------------------
1 2 3 4 5 6 7 8 9 10 
-------------------------
9 9 8 7 6 5 4 3 2 10 
-------------------------
9 8 8 7 6 5 4 3 2 10 
-------------------------
9 8 6 7 6 5 4 3 2 10 
-------------------------
9 8 6 7 2 5 4 3 2 10 
-------------------------
9 8 6 7 2 5 4 3 1 10 
-------------------------
8 8 6 7 2 5 4 3 9 10 
-------------------------
8 7 6 7 2 5 4 3 9 10 
-------------------------
8 7 6 4 2 5 4 3 9 10 
-------------------------
8 7 6 4 2 5 1 3 9 10 
-------------------------
7 7 6 4 2 5 1 8 9 10 
-------------------------
7 6 6 4 2 5 1 8 9 10 
-------------------------
7 6 5 4 2 5 1 8 9 10 
-------------------------
7 6 5 4 2 3 1 8 9 10 
-------------------------
6 6 5 4 2 3 7 8 9 10 
-------------------------
6 5 5 4 2 3 7 8 9 10 
-------------------------
6 5 3 4 2 3 7 8 9 10 
-------------------------
6 5 3 4 2 1 7 8 9 10 
-------------------------
5 5 3 4 2 6 7 8 9 10 
-------------------------
5 4 3 4 2 6 7 8 9 10 
-------------------------
5 4 3 1 2 6 7 8 9 10 
-------------------------
4 4 3 1 5 6 7 8 9 10 
-------------------------
4 3 3 1 5 6 7 8 9 10 
-------------------------
4 3 2 1 5 6 7 8 9 10 
-------------------------
3 3 2 4 5 6 7 8 9 10 
-------------------------
3 2 2 4 5 6 7 8 9 10 
-------------------------
3 2 1 4 5 6 7 8 9 10 
-------------------------
2 2 3 4 5 6 7 8 9 10 
-------------------------
2 1 3 4 5 6 7 8 9 10 
-------------------------
1 2 3 4 5 6 7 8 9 10 
-------------------------
1 2 3 4 5 6 7 8 9 10 
-------------------------
9 9 8 7 6 5 4 3 2 10 
-------------------------
9 8 8 7 6 5 4 3 2 10 
-------------------------
9 8 6 7 6 5 4 3 2 10 
-------------------------
9 8 6 7 2 5 4 3 2 10 
-------------------------
9 8 6 7 2 5 4 3 1 10 
-------------------------
8 8 6 7 2 5 4 3 9 10 
-------------------------
8 7 6 7 2 5 4 3 9 10 
-------------------------
8 7 6 4 2 5 4 3 9 10 
-------------------------
8 7 6 4 2 5 1 3 9 10 
-------------------------
7 7 6 4 2 5 1 8 9 10 
-------------------------
7 6 6 4 2 5 1 8 9 10 
-------------------------
7 6 5 4 2 5 1 8 9 10 
-------------------------
7 6 5 4 2 3 1 8 9 10 
-------------------------
6 6 5 4 2 3 7 8 9 10 
-------------------------
6 5 5 4 2 3 7 8 9 10 
-------------------------
6 5 3 4 2 3 7 8 9 10 
-------------------------
6 5 3 4 2 1 7 8 9 10 
-------------------------
5 5 3 4 2 6 7 8 9 10 
-------------------------
5 4 3 4 2 6 7 8 9 10 
-------------------------
5 4 3 1 2 6 7 8 9 10 
-------------------------
4 4 3 1 5 6 7 8 9 10 
-------------------------
4 3 3 1 5 6 7 8 9 10 
-------------------------
4 3 2 1 5 6 7 8 9 10 
-------------------------
3 3 2 4 5 6 7 8 9 10 
-------------------------
3 2 2 4 5 6 7 8 9 10 
-------------------------
3 2 1 4 5 6 7 8 9 10 
-------------------------
2 2 3 4 5 6 7 8 9 10 
-------------------------
2 1 3 4 5 6 7 8 9 10 
-------------------------
1 2 3 4 5 6 7 8 9 10 
-------------------------
1 2 3 4 5 6 7 8 9 10 
-------------------------
9 9 8 7 6 5 4 3 2 10 
-------------------------
9 8 8 7 6 5 4 3 2 10 
-------------------------
9 8 6 7 6 5 4 3 2 10 
-------------------------
9 8 6 7 2 5 4 3 2 10 
-------------------------
9 8 6 7 2 5 4 3 1 10 
-------------------------
8 8 6 7 2 5 4 3 9 10 
-------------------------
8 7 6 7 2 5 4 3 9 10 
-------------------------
8 7 6 4 2 5 4 3 9 10 
-------------------------
8 7 6 4 2 5 1 3 9 10 
-------------------------
7 7 6 4 2 5 1 8 9 10 
-------------------------
7 6 6 4 2 5 1 8 9 10 
-------------------------
7 6 5 4 2 5 1 8 9 10 
-------------------------
7 6 5 4 2 3 1 8 9 10 
-------------------------
6 6 5 4 2 3 7 8 9 10 
-------------------------
6 5 5 4 2 3 7 8 9 10 
-------------------------
6 5 3 4 2 3 7 8 9 10 
-------------------------
6 5 3 4 2 1 7 8 9 10 
-------------------------
5 5 3 4 2 6 7 8 9 10 
-------------------------
5 4 3 4 2 6 7 8 9 10 
-------------------------
5 4 3 1 2 6 7 8 9 10 
-------------------------
4 4 3 1 5 6 7 8 9 10 
-------------------------
4 3 3 1 5 6 7 8 9 10 
-------------------------
4 3 2 1 5 6 7 8 9 10 
-------------------------
3 3 2 4 5 6 7 8 9 10 
-------------------------
3 2 2 4 5 6 7 8 9 10 
-------------------------
3 2 1 4 5 6 7 8 9 10 
-------------------------
2 2 3 4 5 6 7 8 9 10 
-------------------------
2 1 3 4 5 6 7 8 9 10 
-------------------------
1 2 3 4 5 6 7 8 9 10 
-------------------------
1 2 3 4 5 6 7 8 9 10 
-------------------------
9 9 8 7 6 5 4 3 2 10 
-------------------------
9 8 8 7 6 5 4 3 2 10 
-------------------------
9 8 6 7 6 5 4 3 2 10 
-------------------------
9 8 6 7 2 5 4 3 2 10 
-------------------------
9 8 6 7 2 5 4 3 1 10 
-------------------------
8 8 6 7 2 5 4 3 9 10 
-------------------------
8 7 6 7 2 5 4 3 9 10 
-------------------------
8 7 6 4 2 5 4 3 9 10 
-------------------------
8 7 6 4 2 5 1 3 9 10 
-------------------------
7 7 6 4 2 5 1 8 9 10 
-------------------------
7 6 6 4 2 5 1 8 9 10 
-------------------------
7 6 5 4 2 5 1 8 9 10 
-------------------------
7 6 5 4 2 3 1 8 9 10 
-------------------------
6 6 5 4 2 3 7 8 9 10 
-------------------------
6 5 5 4 2 3 7 8 9 10 
-------------------------
6 5 3 4 2 3 7 8 9 10 
-------------------------
6 5 3 4 2 1 7 8 9 10 
-------------------------
5 5 3 4 2 6 7 8 9 10 
-------------------------
5 4 3 4 2 6 7 8 9 10 
-------------------------
5 4 3 1 2 6 7 8 9 10 
-------------------------
4 4 3 1 5 6 7 8 9 10 
-------------------------
4 3 3 1 5 6 7 8 9 10 
-------------------------
4 3 2 1 5 6 7 8 9 10 
-------------------------
3 3 2 4 5 6 7 8 9 10 
-------------------------
3 2 2 4 5 6 7 8 9 10 
-------------------------
3 2 1 4 5 6 7 8 9 10 
-------------------------
2 2 3 4 5 6 7 8 9 10 
-------------------------
2 1 3 4 5 6 7 8 9 10 
-------------------------
1 2 3 4 5 6 7 8 9 10 
-------------------------
1 2 3 4 5 6 7 8 9 10 
-------------------------
9 9 8 7 6 5 4 3 2 10 
-------------------------
9 8 8 7 6 5 4 3 2 10 
-------------------------
9 8 6 7 6 5 4 3 2 10 
-------------------------
9 8 6 7 2 5 4 3 2 10 
-------------------------
9 8 6 7 2 5 4 3 1 10 
-------------------------
8 8 6 7 2 5 4 3 9 10 
-------------------------
8 7 6 7 2 5 4 3 9 10 
-------------------------
8 7 6 4 2 5 4 3 9 10 
-------------------------
8 7 6 4 2 5 1 3 9 10 
-------------------------
7 7 6 4 2 5 1 8 9 10 
-------------------------
7 6 6 4 2 5 1 8 9 10 
-------------------------
7 6 5 4 2 5 1 8 9 10 
-------------------------
7 6 5 4 2 3 1 8 9 10 
-------------------------
6 6 5 4 2 3 7 8 9 10 
-------------------------
6 5 5 4 2 3 7 8 9 10 
-------------------------
6 5 3 4 2 3 7 8 9 10 
-------------------------
6 5 3 4 2 1 7 8 9 10 
-------------------------
5 5 3 4 2 6 7 8 9 10 
-------------------------
5 4 3 4 2 6 7 8 9 10 
-------------------------
5 4 3 1 2 6 7 8 9 10 
-------------------------
4 4 3 1 5 6 7 8 9 10 
-------------------------
4 3 3 1 5 6 7 8 9 10 
-------------------------
4 3 2 1 5 6 7 8 9 10 
-------------------------
3 3 2 4 5 6 7 8 9 10 
-------------------------
3 2 2 4 5 6 7 8 9 10 
-------------------------
3 2 1 4 5 6 7 8 9 10 
-------------------------
2 2 3 4 5 6 7 8 9 10 
-------------------------
2 1 3 4 5 6 7 8 9 10 
-------------------------
1 2 3 4 5 6 7 8 9 10 
-------------------------
1 2 3 4 5 6 7 8 9 10 
-------------------------
9 9 8 7 6 5 4 3 2 10 
-------------------------
9 8 8 7 6 5 4 3 2 10 
-------------------------
9 8 6 7 6 5 4 3 2 10 
-------------------------
9 8 6 7 2 5 4 3 2 10 
-------------------------
9 8 6 7 2 5 4 3 1 10 
-------------------------
8 8 6 7 2 5 4 3 9 10 
-------------------------
8 7 6 7 2 5 4 3 9 10 
-------------------------
8 7 6 4 2 5 4 3 9 10 
-------------------------
8 7 6 4 2 5 1 3 9 10 
-------------------------
7 7 6 4 2 5 1 8 9 10 
-------------------------
7 6 6 4 2 5 1 8 9 10 
-------------------------
7 6 5 4 2 5 1 8 9 10 
-------------------------
7 6 5 4 2 3 1 8 9 10 
-------------------------
6 6 5 4 2 3 7 8 9 10 
-------------------------
6 5 5 4 2 3 7 8 9 10 
-------------------------
6 5 3 4 2 3 7 8 9 10 
-------------------------
6 5 3 4 2 1 7 8 9 10 
-------------------------
5 5 3 4 2 6 7 8 9 10 
-------------------------
5 4 3 4 2 6 7 8 9 10 
-------------------------
5 4 3 1 2 6 7 8 9 10 
-------------------------
4 4 3 1 5 6 7 8 9 10 
-------------------------
4 3 3 1 5 6 7 8 9 10 
-------------------------
4 3 2 1 5 6 7 8 9 10 
-------------------------
3 3 2 4 5 6 7 8 9 10 
-------------------------
3 2 2 4 5 6 7 8 9 10 
-------------------------
3 2 1 4 5 6 7 8 9 10 
-------------------------
2 2 3 4 5 6 7 8 9 10 
-------------------------
2 1 3 4 5 6 7 8 9 10 
-------------------------
1 2 3 4 5 6 7 8 9 10 
-------------------------
1 2 3 4 5 6 7 8 9 10 
-------------------------
9 9 8 7 6 5 4 3 2 10 
-------------------------
9 8 8 7 6 5 4 3 2 10 
-------------------------
9 8 6 7 6 5 4 3 2 10 
-------------------------
9 8 6 7 2 5 4 3 2 10 
-------------------------
9 8 6 7 2 5 4 3 1 10 
-------------------------
8 8 6 7 2 5 4 3 9 10 
-------------------------
8 7 6 7 2 5 4 3 9 10 
-------------------------
8 7 6 4 2 5 4 3 9 10 
-------------------------
8 7 6 4 2 5 1 3 9 10 
-------------------------
7 7 6 4 2 5 1 8 9 10 
-------------------------
7 6 6 4 2 5 1 8 9 10 
-------------------------
7 6 5 4 2 5 1 8 9 10 
-------------------------
7 6 5 4 2 3 1 8 9 10 
-------------------------
6 6 5 4 2 3 7 8 9 10 
-------------------------
6 5 5 4 2 3 7 8 9 10 
-------------------------
6 5 3 4 2 3 7 8 9 10 
-------------------------
6 5 3 4 2 1 7 8 9 10 
-------------------------
5 5 3 4 2 6 7 8 9 10 
-------------------------
5 4 3 4 2 6 7 8 9 10 
-------------------------
5 4 3 1 2 6 7 8 9 10 
-------------------------
4 4 3 1 5 6 7 8 9 10 
-------------------------
4 3 3 1 5 6 7 8 9 10 
-------------------------
4 3 2 1 5 6 7 8 9 10 
-------------------------
3 3 2 4 5 6 7 8 9 10 
-------------------------
3 2 2 4 5 6 7 8 9 10 
-------------------------
3 2 1 4 5 6 7 8 9 10 
-------------------------
2 2 3 4 5 6 7 8 9 10 
-------------------------
2 1 3 4 5 6 7 8 9 10 
-------------------------
1 2 3 4 5 6 7 8 9 10 
-------------------------
1 2 3 4 5 6 7 8 9 10 
-------------------------
9 9 8 7 6 5 4 3 2 10 
-------------------------
9 8 8 7 6 5 4 3 2 10 
-------------------------
9 8 6 7 6 5 4 3 2 10 
-------------------------
9 8 6 7 2 5 4 3 2 10 
-------------------------
9 8 6 7 2 5 4 3 1 10 
-------------------------
8 8 6 7 2 5 4 3 9 10 
-------------------------
8 7 6 7 2 5 4 3 9 10 
-------------------------
8 7 6 4 2 5 4 3 9 10 
-------------------------
8 7 6 4 2 5 1 3 9 10 
-------------------------
7 7 6 4 2 5 1 8 9 10 
-------------------------
7 6 6 4 2 5 1 8 9 10 
-------------------------
7 6 5 4 2 5 1 8 9 10 
-------------------------
7 6 5 4 2 3 1 8 9 10 
-------------------------
6 6 5 4 2 3 7 8 9 10 
-------------------------
6 5 5 4 2 3 7 8 9 10 
-------------------------
6 5 3 4 2 3 7 8 9 10 
-------------------------
6 5 3 4 2 1 7 8 9 10 
-------------------------
5 5 3 4 2 6 7 8 9 10 
-------------------------
5 4 3 4 2 6 7 8 9 10 
-------------------------
5 4 3 1 2 6 7 8 9 10 
-------------------------
4 4 3 1 5 6 7 8 9 10 
-------------------------
4 3 3 1 5 6 7 8 9 10 
-------------------------
4 3 2 1 5 6 7 8 9 10 
-------------------------
3 3 2 4 5 6 7 8 9 10 
-------------------------
3 2 2 4 5 6 7 8 9 10 
-------------------------
3 2 1 4 5 6 7 8 9 10 
-------------------------
2 2 3 4 5 6 7 8 9 10 
-------------------------
2 1 3 4 5 6 7 8 9 10 
-------------------------
1 2 3 4 5 6 7 8 9 10 
-------------------------
1 2 3 4 5 6 7 8 9 10 
-------------------------
